#
# Names are BAAQMD identifiers (`pol_abbr`); values are ARB identifiers.
#
ARB_POLLUTANT_CODES <- c(
  TSP       = 11101,
  TOG       = 43101,
  ROG       = 16113,
  VOC       = 43104,
  NOx       = 42603,
  SO2       = 42401,
  CO        = 42101,
  PM10_PRI  = 85101,
  PM10_FIL  = 85105,
  PM2.5_PRI = 88101,
  PM2.5_FIL = 88105,
  NH3       = 7664417,
  Pb        = 7439921)
